wind speed (m/s);significant wave height (m)
17.416730346025222;1.5344716492352066
17.791641724350214;1.6587257735105492
18.12420213554824;1.791690803477213
18.465124616032146;1.9340423400691567
18.857370878211942;2.088690565034461
19.24659395961014;2.2546246848597016
19.645072895407296;2.433215094249392
20.025690582876226;2.623003460432446
20.355335737991442;2.8205365664635513
20.716265518009738;3.034148460780319
21.05975669099471;3.2595869038737497
21.384277425970172;3.4968437053696726
21.70505924157004;3.7486008431209643
22.01847676667139;4.015239300913815
22.31405798512235;4.295740191967087
22.654263019157458;4.603773841845666
23.042732629574544;4.9441545376437706
23.549003476668876;5.338476163268746
24.068788346237874;5.7684634639604715
24.670225772449204;6.25736773766101
25.256549335373016;6.784725307052582
25.800747907568766;7.34545989601906
26.274739786648155;7.932277214468331
26.593549878576425;8.514342643313045
26.680524489016364;9.055348084712014
26.429945365193635;9.496856362367202
25.8062835202611;9.797464563806326
24.835761584074703;9.93711611939645
23.602116664060976;9.924092873677422
22.20994115624985;9.785074408624027
20.798867992324688;9.580530837141785
19.417706912148535;9.332065858068267
18.12342910825078;9.075747111124416
16.906780501385327;8.807729435894824
15.782321669896522;8.543249753389244
14.741488070558171;8.280712591877112
13.7845780625141;8.026762168829167
12.903013217795628;7.779577381805777
12.089269281015358;7.536834614888961
11.34437102712686;7.308225711922003
10.658159199193083;7.087556773827002
10.024829441042106;6.872329164793866
9.442409619125597;6.668622174804914
8.90485131272652;6.472120620876657
8.40854951771242;6.283590064821256
7.94983262649217;6.102772190334126
7.525266507911974;5.930025444996788
7.131097661050764;5.767504906520231
6.76311216234116;5.616540128647727
6.42081551082366;5.467815278998442
6.098241373496241;5.330928083801031
5.794824731742846;5.199914227555904
5.510520562297197;5.071580105719814
5.232756393292467;4.960235771298317
4.970942676079276;4.849066809562383
4.726652480511434;4.73609900583561
4.490472719158762;4.630024779095493
4.269430585769425;4.523046906634925
4.053178428893693;4.422903752523952
3.8457305508189283;4.325060539606689
3.6493850335090405;4.22740967006466
3.4590473818142886;4.132746764339926
3.2793814149445994;4.037832597584539
3.106167062979988;3.944738787323583
2.935240321608877;3.8549518460683068
2.7757883090742888;3.7637725177195422
2.6218542533542557;3.673798230942315
2.4766453641714437;3.58353410286998
2.3389917513524487;3.4933939325992256
2.2047155415208843;3.4046731112608444
2.0804464838959293;3.3150384998207723
1.956959590997211;3.2272378641621216
1.8371878254299423;3.140089811106347
1.7238211603103997;3.0527430977149033
1.6144153090929323;2.9657250209299657
1.5120200768997023;2.8782565933929596
1.4124342489408508;2.791170986689792
1.3199463363348023;2.7035400597409263
1.2329137394247445;2.61566984516434
1.144323965777182;2.5285536692147073
1.0689531824568084;2.4399162601902904
0.9894273485156325;2.3521126052514494
0.9186864558892238;2.2633828700574328
0.8539852937865652;2.1740995396051597
0.7922109373881246;2.084512984604058
0.7284875133996622;1.9948224923781699
0.6686241200148139;1.9044344576197612
0.608661425254092;1.8134288908721392
0.5561900115666831;1.721390995784006
0.4991680097810077;1.628537262377431
0.44735247472874173;1.5344716492352075
0.39635536683804173;1.439108013058165
0.34788419565330314;1.3422861045455574
0.30216437601791446;1.243867823002842
0.2585820652043592;1.143674344761372
0.21591196180590994;1.0414448179411122
0.1766987556656726;0.9371300852323448
0.13803508917487176;0.8303071788750148
0.1035894272855931;0.7210602124038058
0.07161101565875268;0.6090145253560242
0.04342823700459447;0.4940797480664258
0.021478300895804294;0.37637533696425757
0.0077126199719393055;0.2560572501220168
0.002118877375765556;0.1330266359733897
0.5012219253659472;0.10260784157650604
1.089748293897476;0.10254458227256563
1.6113654282825725;0.10252926970175671
2.077825946551343;0.10252759711419478
2.498414811334972;0.10253903465841276
2.880437556456684;0.10255399407260746
3.229769865090613;0.10256938868340644
3.551188295637793;0.10258593884402348
3.8486018841588643;0.1026020829513113
4.125256590428156;0.10261946129323227
4.383858641713134;0.10263720828179489
4.626692502577883;0.10265570220165342
4.8556999485648396;0.10267556912064568
5.072539502878922;0.10269545173407367
5.27864443835969;0.10271529573138648
5.475264070690516;0.10273765421063566
5.663481690116613;0.10275989542360821
5.844256148469277;0.10278251990615209
6.018438567204375;0.10280737469265175
6.1867825226059985;0.10283242620198012
6.349971291651035;0.10286120826566686
6.508612763000833;0.10288894741704815
6.663267695807162;0.10291762619917377
6.814450467910741;0.10295073120841071
6.962628773452402;0.1029831783193177
7.108242511092772;0.10301506385801061
7.251705640142696;0.10304952235808758
7.393408063965468;0.10308871307932654
7.533718177636408;0.10312557674845399
7.6729951647987065;0.10316331176972826
7.811586747162766;0.10320529744322489
7.949832626492168;0.10325045155383569
8.0880696529799;0.10329695134614132
8.226635117453533;0.1033441178648108
8.365867874171176;0.10339801211712188
8.506114372429995;0.10345610381309925
8.647731547555164;0.10351714172221449
8.791091230105259;0.10357893066318546
8.936575051705637;0.10365226871181431
9.084595421792944;0.10373164139394586
9.235591339125802;0.10381470077921108
9.390020591246826;0.10391394604416733
9.54839355579478;0.10402485545552054
9.711273794033659;0.10413892133409841
9.879247413962123;0.1042745288125383
10.052985786465204;0.10443025777988683
10.233254350296889;0.10459416679479407
10.420881678717835;0.10477396591577448
10.61674845760662;0.10500527826880901
10.82199682004498;0.1052476699696449
11.037763660485531;0.10554535215815442
11.265439378522284;0.10590154847851146
11.506666381923031;0.10630725613822326
11.763308786446117;0.10677505442151886
12.037424035234471;0.10736400635926521
12.331265583019533;0.10818873804789568
12.648391782596345;0.10909283182215407
12.991342022995406;0.11043067121164911
13.36401640063279;0.11231935961458481
13.77067258166801;0.11500508414499076
14.21428229404754;0.1192507948998504
14.6074228655191;0.14481181390148612
14.001880962267911;0.37107228230519296
14.075445914467466;0.45432326108298704
14.214489217338443;0.5260724831860606
14.377879944310846;0.5955254835933173
14.557412247671083;0.6649901522676598
14.783499424872943;0.7317187015291384
15.034023746273062;0.8000613166429229
15.281146983714848;0.8736184887767372
15.56601694112963;0.9491911785984749
15.856861898894293;1.030409381707374
16.153087441344965;1.1176590848789942
16.451433874175784;1.2114192140664155
16.770138247894355;1.3114847064006903
17.088263683732574;1.4190977645176996
