wind speed (m/s);significant wave height (m)
16.519539289278676;1.5344716492352066
16.781240013595376;1.6459693200488097
17.059828503822224;1.7647822775870954
17.341212376786718;1.891334787076929
17.634902627431412;2.0265761802015887
17.940508161904894;2.171363507229434
18.261940434836795;2.3269255949367467
18.59970832856552;2.494463769784681
18.948355435220368;2.6746764598349126
19.319038096929948;2.870015724435417
19.70780567316892;3.0816856961398003
20.124796988246683;3.312871144305399
20.56403085977057;3.564933621788156
21.01934483576948;3.83905926897585
21.495070496168317;4.13830431682043
21.976995377379094;4.462405628158766
22.481616017740087;4.817390979322772
22.98715745469314;5.201464726935687
23.51121529041242;5.622004859847278
24.03761113628168;6.078677370481519
24.563467621315343;6.574468511057859
25.077408877851752;7.1099921603908784
25.54327671567479;7.676900285934082
25.91231277249032;8.259299775382381
26.11290664250115;8.827434256565944
26.049695599563155;9.333021056607
25.594729513879575;9.699568892030381
24.705705946807413;9.872398845976527
23.45797710323631;9.846834096883319
22.03259277782882;9.682464318573151
20.57759162127382;9.441967689973959
19.17501978610546;9.16705046973612
17.86111783152618;8.881306374450132
16.64316345620327;8.59366603468412
15.524464044495126;8.312509963153042
14.500102594102664;8.040941213950973
13.563187608890193;7.780422176973231
12.706350125677378;7.531619169636185
11.921789072038331;7.293981036553566
11.203590510991207;7.0687728081535885
10.544068441953579;6.853627936268727
9.938540994330141;6.6503551209988885
9.38065935468184;6.4562142694086155
8.86622251749814;6.272401564292308
8.390613141503417;6.097893884468153
7.94983262649217;5.931212999379259
7.540447837085136;5.772852401384752
7.1596027504044475;5.620127554472035
6.804203181234873;5.475195677212005
6.472510716749202;5.334831150284077
6.1615636494452675;5.20109367159528
5.870272741887849;5.071585069454496
5.596481463013775;4.94693306555032
5.338429364154726;4.8270003957765075
5.095505119728779;4.710466834487122
4.8655388306428184;4.598141362173182
4.64819979107891;4.488885220268128
4.441016444421996;4.383715049404442
4.244861409809704;4.280816914006664
4.058240404198357;4.180564222263552
3.8797096743982147;4.083180501083184
3.710854275743739;3.9870565229541715
3.5486539947309965;3.8935025467680604
3.3932451455031623;3.801885227494134
3.244489342853209;3.711848242413694
3.100199105490025;3.6239961211856575
2.964598605727679;3.536177157354772
2.8308085345485896;3.4509418088193
2.7017018459595636;3.3667603490529348
2.578802959716712;3.282896857428634
2.4564092608670527;3.200984518456247
2.3382233991350367;3.1195448612288823
2.2240370424223044;3.0384755101084178
2.1103291515491795;2.95848948914149
2.0030715696896246;2.8779225044514387
1.8964668603371342;2.798009802198985
1.7925138902021553;2.718107390780869
1.6916450669772747;2.6379972698345138
1.591378074964168;2.5579691345548405
1.4957142356772724;2.4772260217576068
1.401353056622749;2.3961762590474724
1.3082665332357464;2.3146584678271727
1.2189444882194787;2.2322554487811437
1.127835040889154;2.1494144064836744
1.0423085841204929;2.0652937453711866
0.9568796281069727;1.9802628084237095
0.8754503878555526;1.8939254841670734
0.7943525713010847;1.8063728110617496
0.7173560492735747;1.7173165426324268
0.6412862080985455;1.6267430015763982
0.5704742028953835;1.5344716492352075
0.5007360689980207;1.44042583304524
0.4343551045448949;1.3444721834010418
0.37177327678594607;1.2465128923547668
0.3120946921093587;1.1463933551723766
0.2555790431819576;1.043973539954879
0.20640913524271756;0.9394132370342555
0.1599862525830476;0.8322858821480155
0.11926651700335797;0.7226854391204529
0.08481676335912312;0.6105658086137399
0.0553508775191185;0.49564863045857244
0.03227987930606033;0.3779531256969379
0.015355036811804274;0.257287422383842
0.008073313034764707;0.1340766000793592
0.5027520284860728;0.1029019768679856
1.090023757306208;0.1026020806197866
1.6114670426275481;0.10255222570711088
2.0779153394805987;0.10254939642068858
2.4984964676817323;0.10256048346128888
2.880555143061372;0.10258720796360185
3.22998560480037;0.10263483657969663
3.5515424530503386;0.10270122730567417
3.849168039199291;0.10279974560994135
4.126110700771753;0.1029392247788296
4.385060504168763;0.10311978837480808
4.628386468668299;0.10338556840396554
4.858043155531017;0.10375987768084498
5.075646943442099;0.10424175210819689
5.282526308545502;0.10479597740207693
5.47890294209401;0.10484302966272813
5.666881332177066;0.10488874949376215
5.847436015679025;0.10494467424460716
6.021402827475757;0.10500466090184131
6.189572283359405;0.1050977792447852
6.352617574285161;0.10522919214418684
6.5110925980986645;0.10535220033171339
6.665516577844058;0.10541994539851361
6.816498214169593;0.10553258576918753
6.9644525401684305;0.10562771928175035
7.10989108636421;0.10581911761958578
7.253121808479484;0.10595319852631807
7.394582928356687;0.1061110110782743
7.534638693800893;0.106291958498282
7.67366023814574;0.10660188189969702
7.811940978491204;0.10687267171582515
7.949832626492168;0.10703503317342372
8.0876801926641;0.10732905304833029
8.225806875600686;0.10762630374444247
8.364548696627763;0.10793570505441384
8.504202672116108;0.10837388673036615
8.645136910670605;0.10883712035130502
8.787741743430914;0.10927605646099409
8.932268588487116;0.10989682745087714
9.079204997609096;0.11052803582192894
9.22879603714456;0.11137579750816724
9.38143421606482;0.11244290577700229
9.537399918352126;0.11386233686993358
9.697346855449899;0.11544793149174268
9.862002182112553;0.11705772146372513
10.031481915838889;0.119051839154648
10.205645137305039;0.12188304144873577
10.384945213912225;0.12556605842117963
10.569389555005925;0.1303896409261324
10.758287934105475;0.13694998966342295
10.954225153041932;0.14420242344331025
11.157016489634614;0.1526168886519961
11.360929620339714;0.16482448465382604
11.571297680515087;0.1786605443540043
11.766150702906295;0.20207411976394202
11.947951040165226;0.2329686873264051
12.131177824182348;0.26599749044199794
12.316999867401291;0.3009075278928662
12.530149316181836;0.33135255702012156
12.714751573609133;0.3725013523567926
12.915362203008849;0.4126937784828753
13.115594890913005;0.45620577824981645
13.316599156353103;0.5028056021561081
13.523590645703605;0.5516336120675525
13.726890690542382;0.6045594585944793
13.933505294489507;0.6604353781427236
14.151734547706528;0.7183726726569636
14.36318744966265;0.7810928789672557
14.586195097770108;0.8464872220328922
14.812330191555748;0.9158781769688162
15.044076541755786;0.9893007019463731
15.284251103359509;1.066912534290303
15.526504972894516;1.1494961363116292
15.771064192046174;1.2372725887688427
16.015539321128298;1.3305617900039475
16.26754136596213;1.429459490888717
